50,1
50,3
31,1
31,3
32,1
32,3
60,1
60,3
10,17
10,97
10,309
10,271
10,87
10,159
10,277
8,9
54,5
54,4
54,3
54,1
20,3
20,2
20,1
19,3
19,2
19,1
18,3
18,1
14,3
14,1
13,3
13,1
12,3
12,2
12,1
11,29
11,28
11,27
11,26
11,25
11,24
11,23
11,22
11,21
11,20
11,19
11,18
11,17
11,16
11,15
11,14
11,13
11,12
11,11
11,10
11,9
11,8
11,7
11,6
11,5
11,4
11,3
11,2
11,1
11,0
10,308
10,303
10,293
10,265
10,260
10,223
10,210
10,199
10,177
10,173
10,171
10,167
10,161
10,157
10,156
10,143
10,121
10,119
10,117
10,100
10,98
10,4
10,3
10,2
10,1
9,7
9,6
9,5
9,4
9,3
9,2
9,1
8,18
8,16
8,15
8,14
8,13
8,12
8,11
8,7
8,6
8,5
8,4
8,3
8,2
8,1
3,3
